9.000000000000000000e+00
1.800000000000000000e+01
2.200000000000000000e+01
3.100000000000000000e+01
3.400000000000000000e+01
3.900000000000000000e+01
4.100000000000000000e+01
4.800000000000000000e+01
5.200000000000000000e+01
5.900000000000000000e+01
7.200000000000000000e+01
7.400000000000000000e+01
8.000000000000000000e+01
9.000000000000000000e+01
9.200000000000000000e+01
1.040000000000000000e+02
1.370000000000000000e+02
1.380000000000000000e+02
1.490000000000000000e+02
1.650000000000000000e+02
1.700000000000000000e+02
1.720000000000000000e+02
1.730000000000000000e+02
1.870000000000000000e+02
1.940000000000000000e+02
2.030000000000000000e+02
2.050000000000000000e+02
2.210000000000000000e+02
2.280000000000000000e+02
2.310000000000000000e+02
2.400000000000000000e+02
2.530000000000000000e+02
2.540000000000000000e+02
2.560000000000000000e+02
2.740000000000000000e+02
2.780000000000000000e+02
3.020000000000000000e+02
3.280000000000000000e+02
3.330000000000000000e+02
3.430000000000000000e+02
3.480000000000000000e+02
3.540000000000000000e+02
3.590000000000000000e+02
3.770000000000000000e+02
3.820000000000000000e+02
3.850000000000000000e+02
4.010000000000000000e+02
4.120000000000000000e+02
4.220000000000000000e+02
4.260000000000000000e+02
4.410000000000000000e+02
4.430000000000000000e+02
4.450000000000000000e+02
4.500000000000000000e+02
4.540000000000000000e+02
4.630000000000000000e+02
4.730000000000000000e+02
4.760000000000000000e+02
4.770000000000000000e+02
4.800000000000000000e+02
4.950000000000000000e+02
5.110000000000000000e+02
5.140000000000000000e+02
5.220000000000000000e+02
5.240000000000000000e+02
5.410000000000000000e+02
5.430000000000000000e+02
5.750000000000000000e+02
6.220000000000000000e+02
6.300000000000000000e+02
6.360000000000000000e+02
6.440000000000000000e+02
6.550000000000000000e+02
6.930000000000000000e+02
7.160000000000000000e+02
7.280000000000000000e+02
7.680000000000000000e+02
7.940000000000000000e+02
7.970000000000000000e+02
8.050000000000000000e+02
8.080000000000000000e+02
8.160000000000000000e+02
8.200000000000000000e+02
8.220000000000000000e+02
8.270000000000000000e+02
8.320000000000000000e+02
8.350000000000000000e+02
8.420000000000000000e+02
8.440000000000000000e+02
8.550000000000000000e+02
8.590000000000000000e+02
8.700000000000000000e+02
8.720000000000000000e+02
8.790000000000000000e+02
8.870000000000000000e+02
9.030000000000000000e+02
9.050000000000000000e+02
9.200000000000000000e+02
9.310000000000000000e+02
9.370000000000000000e+02
9.470000000000000000e+02
9.540000000000000000e+02
9.650000000000000000e+02
9.700000000000000000e+02
9.740000000000000000e+02
9.870000000000000000e+02
9.990000000000000000e+02
1.000000000000000000e+03
1.002000000000000000e+03
1.010000000000000000e+03
1.013000000000000000e+03
1.028000000000000000e+03
1.031000000000000000e+03
1.036000000000000000e+03
1.040000000000000000e+03
1.044000000000000000e+03
1.048000000000000000e+03
1.050000000000000000e+03
1.052000000000000000e+03
1.053000000000000000e+03
1.065000000000000000e+03
1.069000000000000000e+03
1.101000000000000000e+03
1.119000000000000000e+03
1.142000000000000000e+03
1.150000000000000000e+03
1.158000000000000000e+03
1.159000000000000000e+03
1.160000000000000000e+03
1.164000000000000000e+03
1.168000000000000000e+03
1.180000000000000000e+03
1.189000000000000000e+03
1.210000000000000000e+03
1.220000000000000000e+03
1.225000000000000000e+03
1.226000000000000000e+03
1.232000000000000000e+03
1.243000000000000000e+03
1.250000000000000000e+03
1.271000000000000000e+03
1.273000000000000000e+03
1.290000000000000000e+03
1.295000000000000000e+03
1.297000000000000000e+03
1.302000000000000000e+03
1.315000000000000000e+03
1.322000000000000000e+03
1.344000000000000000e+03
1.346000000000000000e+03
1.353000000000000000e+03
1.361000000000000000e+03
1.362000000000000000e+03
1.367000000000000000e+03
1.380000000000000000e+03
1.399000000000000000e+03
1.401000000000000000e+03
1.402000000000000000e+03
1.408000000000000000e+03
1.410000000000000000e+03
1.414000000000000000e+03
1.421000000000000000e+03
1.428000000000000000e+03
1.434000000000000000e+03
1.463000000000000000e+03
1.468000000000000000e+03
1.479000000000000000e+03
1.485000000000000000e+03
1.487000000000000000e+03
1.491000000000000000e+03
1.498000000000000000e+03
1.500000000000000000e+03
1.503000000000000000e+03
1.510000000000000000e+03
1.513000000000000000e+03
1.528000000000000000e+03
1.533000000000000000e+03
1.534000000000000000e+03
1.542000000000000000e+03
1.544000000000000000e+03
1.546000000000000000e+03
1.547000000000000000e+03
1.556000000000000000e+03
1.571000000000000000e+03
1.583000000000000000e+03
1.586000000000000000e+03
1.588000000000000000e+03
1.602000000000000000e+03
1.609000000000000000e+03
1.629000000000000000e+03
1.631000000000000000e+03
1.632000000000000000e+03
1.638000000000000000e+03
1.656000000000000000e+03
1.684000000000000000e+03
1.696000000000000000e+03
1.703000000000000000e+03
1.722000000000000000e+03
1.741000000000000000e+03
1.742000000000000000e+03
1.759000000000000000e+03
1.761000000000000000e+03
1.762000000000000000e+03
1.763000000000000000e+03
1.771000000000000000e+03
1.772000000000000000e+03
1.773000000000000000e+03
1.776000000000000000e+03
1.786000000000000000e+03
1.790000000000000000e+03
1.804000000000000000e+03
1.820000000000000000e+03
1.824000000000000000e+03
1.832000000000000000e+03
1.840000000000000000e+03
1.842000000000000000e+03
1.858000000000000000e+03
1.860000000000000000e+03
1.871000000000000000e+03
1.887000000000000000e+03
1.889000000000000000e+03
1.901000000000000000e+03
1.915000000000000000e+03
1.917000000000000000e+03
1.921000000000000000e+03
1.938000000000000000e+03
1.942000000000000000e+03
1.954000000000000000e+03
1.961000000000000000e+03
1.973000000000000000e+03
1.974000000000000000e+03
1.976000000000000000e+03
1.980000000000000000e+03
2.006000000000000000e+03
2.010000000000000000e+03
2.018000000000000000e+03
2.019000000000000000e+03
2.027000000000000000e+03
2.033000000000000000e+03
2.053000000000000000e+03
2.055000000000000000e+03
2.061000000000000000e+03
2.069000000000000000e+03
2.076000000000000000e+03
2.094000000000000000e+03
2.101000000000000000e+03
2.115000000000000000e+03
2.116000000000000000e+03
2.120000000000000000e+03
2.127000000000000000e+03
2.134000000000000000e+03
2.140000000000000000e+03
2.142000000000000000e+03
2.153000000000000000e+03
2.162000000000000000e+03
2.177000000000000000e+03
2.178000000000000000e+03
2.202000000000000000e+03
2.206000000000000000e+03
2.230000000000000000e+03
2.232000000000000000e+03
2.234000000000000000e+03
2.238000000000000000e+03
2.252000000000000000e+03
2.258000000000000000e+03
2.271000000000000000e+03
2.274000000000000000e+03
2.278000000000000000e+03
2.279000000000000000e+03
2.290000000000000000e+03
2.292000000000000000e+03
2.296000000000000000e+03
2.325000000000000000e+03
2.327000000000000000e+03
2.355000000000000000e+03
2.361000000000000000e+03
2.363000000000000000e+03
2.369000000000000000e+03
2.378000000000000000e+03
2.383000000000000000e+03
2.407000000000000000e+03
2.419000000000000000e+03
2.422000000000000000e+03
2.425000000000000000e+03
2.427000000000000000e+03
2.432000000000000000e+03
2.447000000000000000e+03
2.454000000000000000e+03
2.456000000000000000e+03
2.491000000000000000e+03
2.498000000000000000e+03
2.523000000000000000e+03
2.529000000000000000e+03
2.533000000000000000e+03
2.538000000000000000e+03
2.552000000000000000e+03
2.558000000000000000e+03
2.561000000000000000e+03
2.577000000000000000e+03
2.602000000000000000e+03
2.603000000000000000e+03
2.641000000000000000e+03
2.650000000000000000e+03
2.669000000000000000e+03
2.680000000000000000e+03
2.684000000000000000e+03
2.692000000000000000e+03
2.694000000000000000e+03
2.695000000000000000e+03
2.714000000000000000e+03
2.715000000000000000e+03
2.735000000000000000e+03
2.741000000000000000e+03
2.745000000000000000e+03
2.769000000000000000e+03
2.783000000000000000e+03
2.788000000000000000e+03
2.792000000000000000e+03
2.795000000000000000e+03
2.800000000000000000e+03
2.807000000000000000e+03
2.812000000000000000e+03
2.820000000000000000e+03
2.823000000000000000e+03
2.834000000000000000e+03
2.838000000000000000e+03
2.839000000000000000e+03
2.867000000000000000e+03
2.869000000000000000e+03
2.872000000000000000e+03
2.910000000000000000e+03
2.927000000000000000e+03
2.972000000000000000e+03
2.992000000000000000e+03
2.996000000000000000e+03
3.014000000000000000e+03
3.015000000000000000e+03
3.019000000000000000e+03
3.035000000000000000e+03
3.043000000000000000e+03
3.057000000000000000e+03
3.064000000000000000e+03
3.073000000000000000e+03
3.094000000000000000e+03
3.109000000000000000e+03
3.135000000000000000e+03
3.140000000000000000e+03
3.197000000000000000e+03
3.207000000000000000e+03
3.210000000000000000e+03
3.240000000000000000e+03
3.272000000000000000e+03
3.273000000000000000e+03
3.274000000000000000e+03
3.280000000000000000e+03
3.286000000000000000e+03
3.291000000000000000e+03
3.296000000000000000e+03
3.298000000000000000e+03
3.317000000000000000e+03
3.332000000000000000e+03
3.354000000000000000e+03
3.361000000000000000e+03
3.373000000000000000e+03
3.376000000000000000e+03
3.381000000000000000e+03
3.396000000000000000e+03
3.399000000000000000e+03
3.409000000000000000e+03
3.418000000000000000e+03
3.434000000000000000e+03
3.449000000000000000e+03
3.454000000000000000e+03
3.469000000000000000e+03
3.471000000000000000e+03
3.481000000000000000e+03
3.483000000000000000e+03
3.485000000000000000e+03
3.494000000000000000e+03
3.504000000000000000e+03
3.512000000000000000e+03
3.520000000000000000e+03
3.521000000000000000e+03
3.535000000000000000e+03
3.536000000000000000e+03
3.543000000000000000e+03
3.545000000000000000e+03
3.554000000000000000e+03
3.576000000000000000e+03
3.581000000000000000e+03
3.582000000000000000e+03
3.596000000000000000e+03
3.600000000000000000e+03
3.605000000000000000e+03
3.607000000000000000e+03
3.611000000000000000e+03
3.616000000000000000e+03
3.618000000000000000e+03
3.620000000000000000e+03
3.623000000000000000e+03
3.643000000000000000e+03
3.649000000000000000e+03
3.654000000000000000e+03
3.667000000000000000e+03
3.679000000000000000e+03
3.680000000000000000e+03
3.691000000000000000e+03
3.695000000000000000e+03
3.706000000000000000e+03
3.724000000000000000e+03
3.736000000000000000e+03
3.740000000000000000e+03
3.748000000000000000e+03
3.751000000000000000e+03
3.786000000000000000e+03
3.788000000000000000e+03
3.789000000000000000e+03
3.808000000000000000e+03
3.814000000000000000e+03
3.815000000000000000e+03
3.816000000000000000e+03
3.822000000000000000e+03
3.833000000000000000e+03
3.857000000000000000e+03
3.883000000000000000e+03
3.887000000000000000e+03
3.896000000000000000e+03
3.901000000000000000e+03
3.915000000000000000e+03
3.922000000000000000e+03
3.938000000000000000e+03
3.944000000000000000e+03
4.011000000000000000e+03
4.021000000000000000e+03
4.044000000000000000e+03
4.052000000000000000e+03
4.067000000000000000e+03
4.093000000000000000e+03
4.110000000000000000e+03
4.112000000000000000e+03
4.128000000000000000e+03
4.161000000000000000e+03
4.171000000000000000e+03
4.180000000000000000e+03
4.181000000000000000e+03
4.185000000000000000e+03
4.198000000000000000e+03
4.227000000000000000e+03
4.233000000000000000e+03
4.241000000000000000e+03
4.243000000000000000e+03
4.247000000000000000e+03
4.249000000000000000e+03
4.263000000000000000e+03
4.264000000000000000e+03
4.283000000000000000e+03
4.299000000000000000e+03
4.314000000000000000e+03
4.318000000000000000e+03
4.327000000000000000e+03
4.346000000000000000e+03
4.354000000000000000e+03
4.360000000000000000e+03
4.373000000000000000e+03
4.381000000000000000e+03
4.384000000000000000e+03
4.410000000000000000e+03
4.414000000000000000e+03
4.425000000000000000e+03
4.464000000000000000e+03
4.481000000000000000e+03
4.488000000000000000e+03
4.518000000000000000e+03
4.522000000000000000e+03
4.539000000000000000e+03
4.552000000000000000e+03
4.580000000000000000e+03
4.609000000000000000e+03
4.615000000000000000e+03
4.627000000000000000e+03
4.630000000000000000e+03
4.643000000000000000e+03
4.656000000000000000e+03
4.662000000000000000e+03
4.667000000000000000e+03
4.668000000000000000e+03
4.671000000000000000e+03
4.673000000000000000e+03
4.679000000000000000e+03
4.685000000000000000e+03
4.691000000000000000e+03
4.700000000000000000e+03
4.715000000000000000e+03
4.719000000000000000e+03
4.723000000000000000e+03
4.739000000000000000e+03
4.743000000000000000e+03
4.750000000000000000e+03
4.760000000000000000e+03
4.767000000000000000e+03
4.773000000000000000e+03
4.780000000000000000e+03
4.781000000000000000e+03
4.787000000000000000e+03
4.817000000000000000e+03
4.819000000000000000e+03
4.829000000000000000e+03
4.831000000000000000e+03
